396586
505147
194741
826106
858280
797291
165386
528434
337202
880444
641664
361109
358898
601267
407563
430817
732908
679398
867901
508613
165511
937383
519077
602014
171174
862671
859685
315556
966945
912888
301112
748104
739235
863222
152587
743552
862226
762774
685029
991203
612668
396154
488789
675495
111032
805641
559273
486240
148798
202523
844944
879435
520707
961495
460547
89576
507523
191127
288751
176186
279206
476343
777138
303451
744439
689667
769102
871643
859478
33315
447492
485422
211252
690094
889141
701903
990808
671313
692923
940754
259918
444165
684742
692960
15836
799948
650951
370253
181516
834104
430885
446390
625079
135359
898339
689928
477227
636407
144058
194230
96992
209835
591101
258300
890599
985235
802458
852605
495657
137403
260297
340697
668896
919212
762560
45178
145120
738659
454219
822336
889487
857452
13018
15792
282940
438402
759929
718727
95834
268845
539193
803072
321008
290142
667123
976049
34193
209915
53560
302358
450615
504580
379971
439295
605197
857574
577149
245384
910890
958486
35482
497598
95874
925325
847452
78223
274413
761991
959911
244724
299609
837352
482420
104157
786194
911272
16531
739617
423669
749057
692272
323451
722401
797324
724471
110919
278507
967900
755795
220405
207556
978006
909165
523872
113270
607770
833360
439772
193183
849295
163901
928057
693354
914607
665277
450806
633389
101662
476487
794579
598565
585999
556173
831952
583319
300730
955620
16606
136267
809610
83769
611395
182880
6946
781187
775529
556557
882492
292983
691128
948929
327994
449163
384666
552067
553704
873756
796541
926748
541481
714324
507848
855109
546270
83494
995174
352520
347228
485046
904159
587371
312876
925164
322345
825898
70519
14845
837825
57075
927193
633989
404103
705670
133915
337991
488604
315806
214613
130181
677135
43750
521731
694070
692312
486696
67756
553848
815111
908532
681922
193287
352152
435068
430596
603658
997810
636920
913343
156126
316985
559013
117701
157637
939634
274320
470404
139704
191684
519310
126445
992508
58606
602641
259078
144414
107570
825158
829989
935472
980467
954331
356787
904846
422659
294352
155896
478063
973146
986614
239928
216441
875990
653487
389703
636135
597686
436751
697158
980821
51249
105458
559141
590571
111703
148746
513822
278173
321420
40034
431270
636157
260845
634648
766747
132537
242596
46186
624704
810219
902010
856610
800536
199117
591553
672649
747756
133076
132747
398633
11341
664434
508992
1246
96616
767410
49225
778461
81670
647520
220059
467795
23064
807399
49555
947013
209411
850523
142321
864604
429012
661417
625865
692679
232557
768619
185721
452508
190372
662618
254685
9465
139441
566811
22839
722903
231803
430183
533593
839314
275530
131220
237279
141183
323087
226092
102081
629337
182744
618444
477434
459545
649952
944617
807047
257213
923926
777152
761442
426527
858328
355703
923732
641704
967991
768986
386558
436063
412925
743899
208473
390998
794756
508008
190271
1769
530724
531897
909849
945372
882035
875849
318359
440108
743648
529314
541274
756315
87313
44857
544339
724172
754546
638299
58600
964529
331202
743462
777933
920127
367955
38315
252889
500818
55277
557433
672275
668671
162763
788125
464124
869542
508818
825159
663328
815963
691235
1323
427581
907348
755619
254231
621960
98389
299743
500280
838251
704725
730508
602774
783991
473315
419538
550571
118922
587245
224511
654574
146759
816736
28292
581245
531956
362741
866707
971375
999954
396368
6897
7357
420746
184887
746360
364282
131144
513348
751026
687674
575844
923306
322328
65171
923167
967380
467386
85516
755235
800500
809011
50251
487549
457607
90535
299765
947813
860988
261822
281666
931083
729663
109507
756
272334
383832
652352
7806
339270
663500
122707
218114
787249
989833
145632
528831
428885
486152
385748
761479
800425
197831
95939
642864
732962
623509
158186
847780
161310
197795
479135
5541
928879
418524
38162
629598
356447
832186
997051
716776
911011
129143
736735
575641
964760
327673
611696
951141
610696
180281
388530
930724
131844
48122
394374
349413
269028
157537
304399
331411
127532
330551
211738
152781
949442
803294
337789
134973
732678
447707
452868
392782
51682
391432
661784
87124
936210
290260
523230
34547
130169
274829
512706
294634
393175
826547
903801
910372
282467
164430
898497
175644
923385
749760
596820
763087
408252
369892
509035
169144
26997
586407
337913
911120
577525
42119
14224
819351
257413
176705
924660
360505
521371
777647
731308
923814
10799
140215
709353
157591
9258
812505
777993
726222
122047
162263
909129
977649
534989
715406
866185
629861
741978
613569
762571
574897
610618
378763
826771
785560
150120
431871
551063
721696
749971
689966
642358
726536
221385
294138
145559
473938
802448
124999
491487
564522
412974
928834
662983
161392
827806
369670
765488
81565
339823
33308
972544
711177
829580
582109
396463
23152
158889
24106
131293
185845
112257
714191
644812
35479
899692
134962
703932
671760
749598
1528
383593
19797
969108
27349
645521
361461
738050
878153
518362
22160
531513
983196
389642
359753
977225
4560
315961
719865
53234
230513
313868
65573
625910
768994
958684
699633
916008
141403
279657
823650
931764
60060
596866
875857
106639
628609
397243
147018
856850
632106
573350
761660
567334
963402
899329
901894
277054
304620
420953
630419
862826
16185
346667
139932
989409
675700
616855
392649
454973
125844
586926
894886
796402
962898
349455
760306
34143
999361
904896
343464
330282
572307
857683
334653
719699
564551
956279
775395
773616
909446
890701
602782
154124
291818
347147
124413
167176
298025
499502
476985
476882
501598
565290
437986
221806
478845
291499
69118
396482
988277
495617
120354
689436
332025
357089
225354
663047
678248
196668
714589
233782
842905
805344
567757
257241
318462
463406
507457
728062
398404
299229
698105
472165
142854
255814
886475
182257
234210
754750
121912
172525
697431
368985
438123
763198
592294
672906
574724
299526
246251
72026
403518
223363
506755
202703
969581
391033
276727
192243
25817
191458
415325
340281
799688
451373
67510
556868
89832
202605
123068
34033
637576
140362
761027
675367
163109
884347
735093
411550
753576
23294
415911
552192
274841
365078
62975
20000
584283
539593
964644
751944
666349
125455
29646
65164
698314
339719
369017
103364
301999
44971
401173
796742
512959
400488
701477
754672
229
160338
269160
979982
296333
826724
615843
831292
430788
86084
336234
104369
457468
187148
186091
152945
776163
804559
806728
880527
986989
183493
95322
898380
10947
570626
539651
288859
495022
2488
737131
625350
464640
312558
520708
37880
318357
445445
681366
753776
276798
857721
646214
257528
617744
388348
374245
832309
910028
378563
445253
949900
126910
247588
272172
287805
798895
453396
788054
990219
541851
523881
3641
175001
628777
339530
671423
782009
39393
895820
412566
250561
517234
857357
68067
392519
54911
207884
580220
936803
287405
930204
541550
845664
657854
278681
826500
561364
542085
788864
