999954
999361
997810
997051
995174
992508
991203
990808
990219
989833
989409
988277
986989
986614
985235
983196
980821
980467
979982
978006
977649
977225
976049
973146
972544
971375
969581
969108
967991
967900
967380
966945
964760
964644
964529
963402
962898
961495
959911
958684
958486
956279
955620
954331
951141
949900
949442
948929
947813
947013
945372
944617
940754
939634
937383
936803
936210
935472
931764
931083
930724
930204
928879
928834
928057
927193
926748
925325
925164
924660
923926
923814
923732
923385
923306
923167
920127
919212
916008
914607
913343
912888
911272
911120
911011
910890
910372
910028
909849
909446
909165
909129
908532
907348
904896
904846
904159
903801
902010
901894
899692
899329
898497
898380
898339
895820
894886
890701
890599
889487
889141
886475
884347
882492
882035
880527
880444
879435
878153
875990
875857
875849
873756
871643
869542
867901
866707
866185
864604
863222
862826
862671
862226
860988
859685
859478
858328
858280
857721
857683
857574
857452
857357
856850
856610
855109
852605
850523
849295
847780
847452
845664
844944
842905
839314
838251
837825
837352
834104
833360
832309
832186
831952
831292
829989
829580
827806
826771
826724
826547
826500
826106
825898
825159
825158
823650
822336
819351
816736
815963
815111
812505
810219
809610
809011
807399
807047
806728
805641
805344
804559
803294
803072
802458
802448
800536
800500
800425
799948
799688
798895
797324
797291
796742
796541
796402
794756
794579
788864
788125
788054
787249
786194
785560
783991
782009
781187
778461
777993
777933
777647
777152
777138
776163
775529
775395
773616
769102
768994
768986
768619
767410
766747
765488
763198
763087
762774
762571
762560
761991
761660
761479
761442
761027
760306
759929
756315
755795
755619
755235
754750
754672
754546
753776
753576
751944
751026
749971
749760
749598
749057
748104
747756
746360
744439
743899
743648
743552
743462
741978
739617
739235
738659
738050
737131
736735
735093
732962
732908
732678
731308
730508
729663
728062
726536
726222
724471
724172
722903
722401
721696
719865
719699
718727
716776
715406
714589
714324
714191
711177
709353
705670
704725
703932
701903
701477
699633
698314
698105
697431
697158
694070
693354
692960
692923
692679
692312
692272
691235
691128
690094
689966
689928
689667
689436
687674
685029
684742
681922
681366
679398
678248
677135
675700
675495
675367
672906
672649
672275
671760
671423
671313
668896
668671
667123
666349
665277
664434
663500
663328
663047
662983
662618
661784
661417
657854
654574
653487
652352
650951
649952
647520
646214
645521
644812
642864
642358
641704
641664
638299
637576
636920
636407
636157
636135
634648
633989
633389
632106
630419
629861
629598
629337
628777
628609
625910
625865
625350
625079
624704
623509
621960
618444
617744
616855
615843
613569
612668
611696
611395
610696
610618
607770
605197
603658
602782
602774
602641
602014
601267
598565
597686
596866
596820
592294
591553
591101
590571
587371
587245
586926
586407
585999
584283
583319
582109
581245
580220
577525
577149
575844
575641
574897
574724
573350
572307
570626
567757
567334
566811
565290
564551
564522
561364
559273
559141
559013
557433
556868
556557
556173
553848
553704
552192
552067
551063
550571
546270
544339
542085
541851
541550
541481
541274
539651
539593
539193
534989
533593
531956
531897
531513
530724
529314
528831
528434
523881
523872
523230
521731
521371
520708
520707
519310
519077
518362
517234
513822
513348
512959
512706
509035
508992
508818
508613
508008
507848
507523
507457
506755
505147
504580
501598
500818
500280
499502
497598
495657
495617
495022
491487
488789
488604
487549
486696
486240
486152
485422
485046
482420
479135
478845
478063
477434
477227
476985
476882
476487
476343
473938
473315
472165
470404
467795
467386
464640
464124
463406
460547
459545
457607
457468
454973
454219
453396
452868
452508
451373
450806
450615
449163
447707
447492
446390
445445
445253
444165
440108
439772
439295
438402
438123
437986
436751
436063
435068
431871
431270
430885
430817
430788
430596
430183
429012
428885
427581
426527
423669
422659
420953
420746
419538
418524
415911
415325
412974
412925
412566
411550
408252
407563
404103
403518
401173
400488
398633
398404
397243
396586
396482
396463
396368
396154
394374
393175
392782
392649
392519
391432
391033
390998
389703
389642
388530
388348
386558
385748
384666
383832
383593
379971
378763
378563
374245
370253
369892
369670
369017
368985
367955
365078
364282
362741
361461
361109
360505
359753
358898
357089
356787
356447
355703
352520
352152
349455
349413
347228
347147
346667
343464
340697
340281
339823
339719
339530
339270
337991
337913
337789
337202
336234
334653
332025
331411
331202
330551
330282
327994
327673
323451
323087
322345
322328
321420
321008
318462
318359
318357
316985
315961
315806
315556
313868
312876
312558
304620
304399
303451
302358
301999
301112
300730
299765
299743
299609
299526
299229
298025
296333
294634
294352
294138
292983
291818
291499
290260
290142
288859
288751
287805
287405
282940
282467
281666
279657
279206
278681
278507
278173
277054
276798
276727
275530
274841
274829
274413
274320
272334
272172
269160
269028
268845
261822
260845
260297
259918
259078
258300
257528
257413
257241
257213
255814
254685
254231
252889
250561
247588
246251
245384
244724
242596
239928
237279
234210
233782
232557
231803
230513
226092
225354
224511
223363
221806
221385
220405
220059
218114
216441
214613
211738
211252
209915
209835
209411
208473
207884
207556
202703
202605
202523
199117
197831
197795
196668
194741
194230
193287
193183
192243
191684
191458
191127
190372
190271
187148
186091
185845
185721
184887
183493
182880
182744
182257
181516
180281
176705
176186
175644
175001
172525
171174
169144
167176
165511
165386
164430
163901
163109
162763
162263
161392
161310
160338
158889
158186
157637
157591
157537
156126
155896
154124
152945
152781
152587
150120
148798
148746
147018
146759
145632
145559
145120
144414
144058
142854
142321
141403
141183
140362
140215
139932
139704
139441
137403
136267
135359
134973
134962
133915
133076
132747
132537
131844
131293
131220
131144
130181
130169
129143
127532
126910
126445
125844
125455
124999
124413
123068
122707
122047
121912
120354
118922
117701
113270
112257
111703
111032
110919
109507
107570
106639
105458
104369
104157
103364
102081
101662
98389
96992
96616
95939
95874
95834
95322
90535
89832
89576
87313
87124
86084
85516
83769
83494
81670
81565
78223
72026
70519
69118
68067
67756
67510
65573
65171
65164
62975
60060
58606
58600
57075
55277
54911
53560
53234
51682
51249
50251
49555
49225
48122
46186
45178
44971
44857
43750
42119
40034
39393
38315
38162
37880
35482
35479
34547
34193
34143
34033
33315
33308
29646
28292
27349
26997
25817
24106
23294
23152
23064
22839
22160
20000
19797
16606
16531
16185
15836
15792
14845
14224
13018
11341
10947
10799
9465
9258
7806
7357
6946
6897
5541
4560
3641
2488
1769
1528
1323
1246
756
229
