229
756
1246
1323
1528
1769
2488
3641
4560
5541
6897
6946
7357
7806
9258
9465
10799
10947
11341
13018
14224
14845
15792
15836
16185
16531
16606
19797
20000
22160
22839
23064
23152
23294
24106
25817
26997
27349
28292
29646
33308
33315
34033
34143
34193
34547
35479
35482
37880
38162
38315
39393
40034
42119
43750
44857
44971
45178
46186
48122
49225
49555
50251
51249
51682
53234
53560
54911
55277
57075
58600
58606
60060
62975
65164
65171
65573
67510
67756
68067
69118
70519
72026
78223
81565
81670
83494
83769
85516
86084
87124
87313
89576
89832
90535
95322
95834
95874
95939
96616
96992
98389
101662
102081
103364
104157
104369
105458
106639
107570
109507
110919
111032
111703
112257
113270
117701
118922
120354
121912
122047
122707
123068
124413
124999
125455
125844
126445
126910
127532
129143
130169
130181
131144
131220
131293
131844
132537
132747
133076
133915
134962
134973
135359
136267
137403
139441
139704
139932
140215
140362
141183
141403
142321
142854
144058
144414
145120
145559
145632
146759
147018
148746
148798
150120
152587
152781
152945
154124
155896
156126
157537
157591
157637
158186
158889
160338
161310
161392
162263
162763
163109
163901
164430
165386
165511
167176
169144
171174
172525
175001
175644
176186
176705
180281
181516
182257
182744
182880
183493
184887
185721
185845
186091
187148
190271
190372
191127
191458
191684
192243
193183
193287
194230
194741
196668
197795
197831
199117
202523
202605
202703
207556
207884
208473
209411
209835
209915
211252
211738
214613
216441
218114
220059
220405
221385
221806
223363
224511
225354
226092
230513
231803
232557
233782
234210
237279
239928
242596
244724
245384
246251
247588
250561
252889
254231
254685
255814
257213
257241
257413
257528
258300
259078
259918
260297
260845
261822
268845
269028
269160
272172
272334
274320
274413
274829
274841
275530
276727
276798
277054
278173
278507
278681
279206
279657
281666
282467
282940
287405
287805
288751
288859
290142
290260
291499
291818
292983
294138
294352
294634
296333
298025
299229
299526
299609
299743
299765
300730
301112
301999
302358
303451
304399
304620
312558
312876
313868
315556
315806
315961
316985
318357
318359
318462
321008
321420
322328
322345
323087
323451
327673
327994
330282
330551
331202
331411
332025
334653
336234
337202
337789
337913
337991
339270
339530
339719
339823
340281
340697
343464
346667
347147
347228
349413
349455
352152
352520
355703
356447
356787
357089
358898
359753
360505
361109
361461
362741
364282
365078
367955
368985
369017
369670
369892
370253
374245
378563
378763
379971
383593
383832
384666
385748
386558
388348
388530
389642
389703
390998
391033
391432
392519
392649
392782
393175
394374
396154
396368
396463
396482
396586
397243
398404
398633
400488
401173
403518
404103
407563
408252
411550
412566
412925
412974
415325
415911
418524
419538
420746
420953
422659
423669
426527
427581
428885
429012
430183
430596
430788
430817
430885
431270
431871
435068
436063
436751
437986
438123
438402
439295
439772
440108
444165
445253
445445
446390
447492
447707
449163
450615
450806
451373
452508
452868
453396
454219
454973
457468
457607
459545
460547
463406
464124
464640
467386
467795
470404
472165
473315
473938
476343
476487
476882
476985
477227
477434
478063
478845
479135
482420
485046
485422
486152
486240
486696
487549
488604
488789
491487
495022
495617
495657
497598
499502
500280
500818
501598
504580
505147
506755
507457
507523
507848
508008
508613
508818
508992
509035
512706
512959
513348
513822
517234
518362
519077
519310
520707
520708
521371
521731
523230
523872
523881
528434
528831
529314
530724
531513
531897
531956
533593
534989
539193
539593
539651
541274
541481
541550
541851
542085
544339
546270
550571
551063
552067
552192
553704
553848
556173
556557
556868
557433
559013
559141
559273
561364
564522
564551
565290
566811
567334
567757
570626
572307
573350
574724
574897
575641
575844
577149
577525
580220
581245
582109
583319
584283
585999
586407
586926
587245
587371
590571
591101
591553
592294
596820
596866
597686
598565
601267
602014
602641
602774
602782
603658
605197
607770
610618
610696
611395
611696
612668
613569
615843
616855
617744
618444
621960
623509
624704
625079
625350
625865
625910
628609
628777
629337
629598
629861
630419
632106
633389
633989
634648
636135
636157
636407
636920
637576
638299
641664
641704
642358
642864
644812
645521
646214
647520
649952
650951
652352
653487
654574
657854
661417
661784
662618
662983
663047
663328
663500
664434
665277
666349
667123
668671
668896
671313
671423
671760
672275
672649
672906
675367
675495
675700
677135
678248
679398
681366
681922
684742
685029
687674
689436
689667
689928
689966
690094
691128
691235
692272
692312
692679
692923
692960
693354
694070
697158
697431
698105
698314
699633
701477
701903
703932
704725
705670
709353
711177
714191
714324
714589
715406
716776
718727
719699
719865
721696
722401
722903
724172
724471
726222
726536
728062
729663
730508
731308
732678
732908
732962
735093
736735
737131
738050
738659
739235
739617
741978
743462
743552
743648
743899
744439
746360
747756
748104
749057
749598
749760
749971
751026
751944
753576
753776
754546
754672
754750
755235
755619
755795
756315
759929
760306
761027
761442
761479
761660
761991
762560
762571
762774
763087
763198
765488
766747
767410
768619
768986
768994
769102
773616
775395
775529
776163
777138
777152
777647
777933
777993
778461
781187
782009
783991
785560
786194
787249
788054
788125
788864
794579
794756
796402
796541
796742
797291
797324
798895
799688
799948
800425
800500
800536
802448
802458
803072
803294
804559
805344
805641
806728
807047
807399
809011
809610
810219
812505
815111
815963
816736
819351
822336
823650
825158
825159
825898
826106
826500
826547
826724
826771
827806
829580
829989
831292
831952
832186
832309
833360
834104
837352
837825
838251
839314
842905
844944
845664
847452
847780
849295
850523
852605
855109
856610
856850
857357
857452
857574
857683
857721
858280
858328
859478
859685
860988
862226
862671
862826
863222
864604
866185
866707
867901
869542
871643
873756
875849
875857
875990
878153
879435
880444
880527
882035
882492
884347
886475
889141
889487
890599
890701
894886
895820
898339
898380
898497
899329
899692
901894
902010
903801
904159
904846
904896
907348
908532
909129
909165
909446
909849
910028
910372
910890
911011
911120
911272
912888
913343
914607
916008
919212
920127
923167
923306
923385
923732
923814
923926
924660
925164
925325
926748
927193
928057
928834
928879
930204
930724
931083
931764
935472
936210
936803
937383
939634
940754
944617
945372
947013
947813
948929
949442
949900
951141
954331
955620
956279
958486
958684
959911
961495
962898
963402
964529
964644
964760
966945
967380
967900
967991
969108
969581
971375
972544
973146
976049
977225
977649
978006
979982
980467
980821
983196
985235
986614
986989
988277
989409
989833
990219
990808
991203
992508
995174
997051
997810
999361
999954
